367
721
799
1308
1412
1619
1950
2106
2392
2466
2539
2675
2969
3068
3073
3263
3729
4325
4460
4763
5189
6846
7143
7277
7323
7702
8175
8441
9119
9386
9863
9978
10516
10572
10882
11551
11880
11916
12059
12101
12346
12359
12372
12450
12458
12631
12656
12692
12790
12849
12968
13039
13078
13091
13366
13393
13411
13678
14033
14047
14236
14319
14351
14382
14431
14447
14570
14580
14634
14730
14794
15043
15088
15179
15307
15625
15692
15935
15955
16099
16172
16259
16334
16649
16877
17057
17068
17344
17351
17528
