73
473
1201
1215
1274
1783
2148
2279
2369
2698
3031
3555
3589
3750
3880
3887
3915
3929
3944
3969
3983
4018
4044
4098
4104
4116
4123
4235
4239
4306
4325
4357
4369
4387
4398
4399
4476
4527
4556
4597
4598
4682
4688
4695
4767
5006
5529
5582
5786
5787
6130
6151
6179
6341
6541
6555
6691
6780
6834
6868
6992
7373
7650
7668
7764
8306
8308
8645
9151
9808
10012
10026
10046
10064
10065
10094
10174
10211
10241
10466
10718 ?
10722
10776 ?
11030
11310
11324
11365
11367
11457
11630
11643
11756
11829
12094
12145
12154
12163
12222
12348
12400
12687
12699
12701
12714
12724
12735
12747
12766
12803
12817
12901
13076
13233
13240
13242
13324
13350
13385 ?
13524
13721
13782
14058
14254
14390
14421
14438
14446
14486
14552
14575
14620
14714
15097
15251
15263
15347
15349
15393
15532
15585
15632
15677
15732
16154
16277
16447
