61
307
454
589
905
1250
1432
1566
2078
2128
2419
2447
2677
3399
3407
3410
3535
3783
4136
4330
4528
4590
4605
4978
5153
5390
5634
5939
6316
6434
6722
7015
7280
7355
7651
7725
7979
8319
9060
9713 ?
9718
9800
10142
10423
10552
10721
10797
10802
10870
11058
11199
11291
11560
11840
12113
12224
12252
12330
12437
12585
12605
12737
12853
12902
13145
13283
13366
13630
13702
13730
13907
14006
14230
14429
14724
14773
14835
14948
15336
15467
15680
15873
16014
16316
16400
16717
16854
16887
17050
17377
17378
17427
17512
17817
18099
18186
