149
412
660
1421
1703
1881
1887
1903
1914
2212
2277
2732
3034
3128
3165
3195
3320
3455
3495
3990
4017
4058
4190
4349
4350
4357
4376
4381
4408
4476
4494
4497
4655
4668
4677
4690
4705
4708
4736
4779
4830
4857
4898
4933
4951
4997
5046
5063
5124
5130
5183
5197
5241 ?
5247 ?
5351
5461
5534
5628
5837
5854
5980
5998
5999
6054
6084
6108
6208 ?
6413
6456
6603 ?
6693
6715
6735
6742
6748
6750
6758
6760 ?
6769
6889
6939
7041
7074
7076
7272
7309
7342 ?
7353 ?
7450 ?
7458
7467
7472
7615
7623
7792
7855
7898
8052 ?
8080
8167
8168
8265
8267
8445
8493
8558
8570
8607
8680
8690
8810
8856
8875
8886
9068
9309
9318
9323
9373
9448
9567
9674
9726
9859
9900
10131
10225
10368
10537
10671
10694
10772 ?
10846
11101
11214
11322
11532
11678
11768
11790
11807
11986
12068
12083
12101
12247
12307
12325
12386
12389
12398
12474
12475
12491
12529
12628
12698
12702
12725
12894
12948
13132
13271
13320
13456
13523
13647
13650
13737
13835
13869
13977
14011
14069
14165
14199
14381
15246
15257
15457
15653
15892
16050
16664
