78
155
164
564
943
996
1273
1527
1735
1769
1875
1920
1966
2060
2205
2338
2901 ?
3025
3335
3540
3829
3867
4041
4046
4107
4110
4157
4412
4478
4569
4594
4599
4653 ?
4695
4707
4744
4754
4839
5124
5128
5180
5183
5339
5550
5590 ?
5625 ?
5638 ?
5693
5703
5739
5777
5978
6055
6056
6107
6112
6512
6610
6731
6804
6835 ?
6886 ?
6985 ?
7248
7296
7362
7363
7422
7572
7604
7653 ?
7729 ?
7742 ?
7886
8072
8087
8169
8177
8297
8414
8418
8523 ?
8547
8640
8672
8679
9146
9402
9637
9934
9940
10603
10659
10826
10842
10854
10875
10893
10957
11004
11008
11543
11648
11773
11818
12234
12295
12329
12366
12392
12395
12402
12453
12503
12509
12540
12597
12855
12857
12987
12995
13082
13118
13149
13178
13287
13387
13400
13514
13683
13758
14181
14231
14548
14979
15097
15231
15271
15990 ?
16148
16269
