99
133
351
398
425
546
796 ?
1651
1702
1820 ?
1829
1899
1950
1974
2088
2118
2527
2557
2599
2911 ?
2913 ?
2977
3233
3237
3399
3492
3514
3583
3601
3641
3715
3746
3775
3789
3803
3824
3841
3865
3874
3886
4020
4036
4048
4086
4101
4303
4470
4523
4561
4736
4740
4745
4834
4882
4908
4910
4911
5105
5158
5246
5350
5420
5435
5534
5589
5628
5679
5912
5999
6017
6051
6223 ?
6227 ?
6302
6425
6450
6566
6637
6667
6678
6766
6786
6796
6799
6811
6818
7001
7075
7109
7878
7920
7932
8132
8138
8267
8314
8346
8408
8613
8740
8881
8885
8897
9104
9154
9170
9569
9707
9719
9925
9977
10039
10040
10194
10264
10406
10413
10476
10796
10817
11287 ?
11320 ?
11335 ?
11386
11423
11476
11668
11782
12047
12076
12136
12225
12368
12499
12586
12649
13010
13048
13145
13149
13154
13193
13321
13605
13658
13836
13947
14093
14144
14147
14463
14665
14705
14738
14815
14973
14978
15733
16065
16116
