111
315
329
334
335
354
420
500
737
1348
1759
1810
2362
3143
3161
3175
3232
3314
3412
3418
3461
3481
3553
3577
3624
3666
3687
3934
4061
4066
4147
4216
4263
4266
4435
4449
4502
4562
4690
4811
4844
4861
4882
4954
4981
5032
5098
5108
5128
5319
5355
5365
5636
5709
5747
5782
5807
5816
5889
6003
6131
6133
6219
6262
6281
6300
6302
6362
6373
6376
6458
6524
6685
6809
6918
6950
6999
7076
7163
7410
7446
7469
7537
7579
7659
7834
7849
7887
7890
7902
7926
8143
8212
8230
8242
8356
8465
8536  ?
8967
8975
9034
9056
9058
9078
9182
9206
9254
9311
9325
9433
9513
9584
9606
9633
9730
9803
9911
10185
10201
10320
10622
10635
10680
10829
11241
11262
11366
11421
11512
11595
11805
11850
11903
11923
11972
11990
12087
12326
12454
12457
12559
12631
12754
12771
12875
12931
13271
13447
13611
13694
13720
13804
13874
14044
14135
14176
14397
14429
14470
14515
14554
14609
14639
14686
14873
14937
14940
14981
15029
15033
15068
15145
15184
15202
15210
15317
15442
15711
15726
15730
15812
15828
15949
15985
16016
16370
16554
16561
16578
16753
16815
16904
17189
17491
