278
296
311
396
415
494
790
830
1458
2108
2311
2378
2472
2695
2710
2733
2741
2779
2908
2934
3179
3183
3200
3288
3319
3331
3363
3404
3576
3577
3829
3926
4192
4277
4298
4404
4441
4463
4627
4659
4793
4866
4900
4960
5100
5157
5222
5270
5296
5336
5369
5423
5460
5494
5507
5534
5542
5583
5612
5624
5639
5669
5682
5701
5749
5755
5758
5778
5788
5817
5831
5855
5878
5902
5905
5929
5932
5941
5964
5973
6011
6065
6070
6082
6135
6200
6255
6389
6450
6464
6478
6481
6496
6526
6530
6549
6588
6735
6759
6824
6918
6919
6970
6991
7058
7093
7112
7300
7314
7863
7913
8009
8014
8042
8066
8088
8099
8275
8438
8496
8662
8687
8811
8819
8937
9066
9078
9154
9196
9202
9259
9327
9433
9453
9454
9467
9484
9557
9573
9628
9714
9729
9772
9841
9899
9950
9961
9983
9994
10000
10007
10040
10294
10421
10449
10468
10541
10639
10663
10782
10967
10986
11358
11487
11523
11610
11649
11674
11703
11708
11752
11776
11928
12070
12088
12155
12166
12207
12235
12355
12503 ?
12634
12739
12771
12774
12778
12812
12845
12958
13177
13183
13219
13255
13325
13386
13521
13532
13696
13715
13913
13915
14142
14151
14373
14524
14589
14599
14651
14664
14963
15214
15243
15401
15436
15481
15631
15855
16088
16138
16267
16557
16685
16775
17069
17073
17333
17362
17625
17627
17702
17902
